0 0 mlvl_volume 
1 1 mlvl_volume_0 
2 2 mlvl_volume_0_18 
3 3 mlvl_volume_0_12 
4 4 mlvl_volume_0_12_19 
5 5 237 
6 6 248_2_20 
7 7 248_2_13 
8 8 249_3 
9 9 250 
10 10 253 
11 11 305 
12 12 257 
13 13 260 
14 14 263 
15 15 314 
16 16 267 
17 17 270 
18 18 273 
19 19 323 
20 20 277 
21 21 280 
22 22 280_4 
23 23 280_4_21 
24 24 280_4_14 
25 25 280_4_14_22 
26 26 281 
27 27 283 
28 28 282 
29 29 284 
30 30 283_6 
31 31 282_8 
32 32 284_10 
33 33 283_6_15 
34 34 282_8_16 
35 35 284_10_17 
36 36 bbox_preds_28 
37 37 297_30 
38 38 293_32 
39 39 bbox_preds 
40 40 cls_scores 
41 41 _0_35 
42 0 mlvl_volume 
43 0 mlvl_volume 
44 44 dir_cls_scores_34 
45 45 dir_cls_scores 
46 0 mlvl_volume 
